name	community	group
39391309364	3	1
39391368596	3	1
39391399726	3	1
39391408033	3	1
39391475462	3	1
39391566091	3	1
39391621560	3	1
39391627277	3	1
39391763844	3	1
39391853262	3	1
39391859797	3	1
39391874548	3	1
39391903216	3	1
39391967002	3	1
39392094143	3	1
39392125180	3	1
39392136318	3	1
39392163184	3	1
39392198773	3	1
39392246474	3	1
39392272534	3	1
39392288379	3	1
39392319881	3	1
39392336611	3	1
39392357302	3	1
39392365190	3	1
39392369561	3	1
39392425547	3	1
39392436239	3	1
39392438524	3	1
39392459297	3	1
39392473615	3	1
39392480429	3	1
39392493497	3	1
39392503307	3	1
39392528679	3	1
39392571979	3	1
39392580018	3	1
39392591003	3	1
39392597842	3	1
39392610857	3	1
39392618315	3	1
39392620933	3	1
39392624293	3	1
39392628230	3	1
39392634993	3	1
39392638960	3	1
39392660465	3	1
39392671619	3	1
39392689277	3	1
39392798914	3	1
39392814028	3	1
39392865653	3	1
39392903358	3	1
39392912031	3	1
39392913673	3	1
39392997980	3	1
39393010725	3	1
39393058794	3	1
39393089276	3	1
39393100184	3	1
39393102827	3	1
39393129081	3	1
39393131417	3	1
39393132755	3	1
39393155846	3	1
39393171826	3	1
39393185428	3	1
39393188720	3	1
39393192392	3	1
39393202076	3	1
39393207177	3	1
39393207258	3	1
39393226326	3	1
39393233952	3	1
39393269072	3	1
39393285036	3	1
39393302383	3	1
39393302397	3	1
39393338163	3	1
39393342929	3	1
39393360045	3	1
39393361823	3	1
39393371746	3	1
39393377634	3	1
39393385886	3	1
39393388990	3	1
39393391972	3	1
39393392407	3	1
39393404983	3	1
39393410436	3	1
39393420830	3	1
39393426778	3	1
39393433979	3	1
39393442656	3	1
39393450500	3	1
39393467227	3	1
39393467828	3	1
39393498854	3	1
39393501583	3	1
39393515190	3	1
39393524523	3	1
39393526478	3	1
39393530905	3	1
39393534173	3	1
39393545583	3	1
39393548433	3	1
39393555627	3	1
39393565354	3	1
39393567702	3	1
39393581314	3	1
39393586764	3	1
39393593127	3	1
39393594617	3	1
39393625547	3	1
39393636203	3	1
39393671957	3	1
39393739137	3	1
39393782683	3	1
39393872094	3	1
39394205413	3	1
39394304680	3	1
39394316820	3	1
39394544309	3	1
39394760456	3	1
39394801673	3	1
39394977870	3	1
39395167780	3	1
39395175348	3	1
39395221280	3	1
39395235527	3	1
39395245836	3	1
39395258759	3	1
39395267997	3	1
39395432721	3	1
39395447651	3	1
39395474923	3	1
39395499042	3	1
39395827355	3	1
39395908616	3	1
39396123025	3	1
39396162185	3	1
39396183699	3	1
39396369425	3	1
39396441530	3	1
39396522402	3	1
39396630436	3	1
39396699211	3	1
39397180968	3	1
39397211373	3	1
39397214322	3	1
39397216387	3	1
39397300482	3	1
39397350238	3	1
39398963496	3	1
39400030068	3	1
39400686522	3	1
39401179881	3	1
39401711863	3	1
39401743140	3	1
39401950436	3	1
39402040495	3	1
39402151417	3	1
39402494654	3	1
39402522253	3	1
39402560476	3	1
39402616755	3	1
39402922877	3	1
39402952430	3	1
39403036702	3	1
39403414493	3	1
39404238357	3	1
39407131685	3	1
39393929773	3	1
39393972901	3	1
39395336414	3	1
39396910545	3	1
39397103397	3	1
39404122377	3	1
39392362033	3	1
39392978352	3	1
39393910611	3	1
39391481220	3	1
39391910672	3	1
39392366654	3	1
39392908488	3	1
39393061746	3	1
39394015539	3	1
39394996947	3	1
39395186811	3	1
39391602333	3	1
39394522441	3	1
39392560276	3	1
39392176571	3	1
39394463851	3	1
39395929159	3	1
39393196334	3	1
39392409986	3	1
39394223855	3	1
39392528537	3	1
39392530094	3	1
39392652307	3	1
39392592616	3	1
39392606814	3	1
39392879283	3	1
39392599149	3	1
39392635269	3	1
39392624315	3	1
39393671303	3	1
39392674034	3	1
39393016472	3	1
39396115958	3	1
39396434109	3	1
39396504552	3	1
39396959521	3	1
39397533371	3	1
39398542884	3	1
39393482092	3	1
39394809625	3	1
39393870819	3	1
39394457119	3	1
39393372967	3	1
39393356233	3	1
39393468252	3	1
39395342895	3	1
39393230484	3	1
39393158504	3	1
39409897527	3	1
39393211875	3	1
39409897900	3	1
39397288086	3	1
39393256090	3	1
39393349903	3	1
39393751614	3	1
39393483236	3	1
39409953659	3	1
39396197405	3	1
39399879634	3	1
39393471087	3	1
39393554368	3	1
39393611786	3	1
39393538677	3	1
39393803875	3	1
39393653329	3	1
39393684033	3	1
39393856977	3	1
39394797807	3	1
39394799252	3	1
39394335756	3	1
39394574179	3	1
39395460963	3	1
39395285624	3	1
39395741858	3	1
39395298511	3	1
39395286141	3	1
39396038086	3	1
39397338291	3	1
39396590596	3	1
39397028170	3	1
39397228092	3	1
39397237869	3	1
39397558516	3	1
39399751266	3	1
39404303918	3	1
39403288316	3	1
39403438516	3	1
39404365114	3	1
39407135837	3	1
27842686889	4	2
27842693829	4	2
27842700247	4	2
27842702534	4	2
27842712001	4	2
27842714777	4	2
27842721376	4	2
27842725368	4	2
27842726366	4	2
27842737990	4	2
27842747494	4	2
27842753656	4	2
27842759404	4	2
27842762622	4	2
27842772796	4	2
27842780433	4	2
27842800077	4	2
27842805446	4	2
27842815565	4	2
27842831300	4	2
27842833826	4	2
27842883911	4	2
27842892795	4	2
27842903848	4	2
27842913771	4	2
27842953884	4	2
27842963159	4	2
27842982235	4	2
27842993552	4	2
27843005264	4	2
27843018302	4	2
27843023682	4	2
27843036086	4	2
27843068716	4	2
27843075386	4	2
27843078040	4	2
27843089761	4	2
27843096167	4	2
27843096861	4	2
27843106962	4	2
27843109352	4	2
27843111848	4	2
27843136341	4	2
27843137084	4	2
27843168142	4	2
27843169323	4	2
27843170202	4	2
27843170871	4	2
27843171255	4	2
27843199436	4	2
27843204303	4	2
27843206874	4	2
27843211355	4	2
27843214790	4	2
27843215832	4	2
27843233718	4	2
27843235897	4	2
27843241374	4	2
27843247713	4	2
27843269572	4	2
27843276598	4	2
27843293828	4	2
27843302020	4	2
27843359084	4	2
27843414154	4	2
27843416566	4	2
27843416810	4	2
27843432138	4	2
27843439555	4	2
27843453887	4	2
27843464576	4	2
27843474908	4	2
27843474940	4	2
27843484111	4	2
27843492004	4	2
27843493126	4	2
27843493804	4	2
27843508437	4	2
27843517226	4	2
27843533419	4	2
27843570390	4	2
27843586981	4	2
27843591811	4	2
27843592402	4	2
27843599148	4	2
27843610091	4	2
27843627557	4	2
27843652829	4	2
27843659893	4	2
27843673329	4	2
27843683232	4	2
27843685659	4	2
27843690708	4	2
27843714702	4	2
27843735967	4	2
27843739498	4	2
27843756410	4	2
27843760135	4	2
27843778863	4	2
27843805153	4	2
27843822731	4	2
27843835080	4	2
27843899248	4	2
27843927736	4	2
27843978698	4	2
27844022050	4	2
27844047584	4	2
27844059536	4	2
27844173789	4	2
27844233352	4	2
27844236268	4	2
27844265719	4	2
27844310950	4	2
27844341376	4	2
27844369444	4	2
27844431551	4	2
27844457199	4	2
27844462118	4	2
27844504561	4	2
27844511041	4	2
27844513651	4	2
27844517557	4	2
27844518063	4	2
27844534108	4	2
27844545491	4	2
27844587035	4	2
27844701105	4	2
27844708924	4	2
27844857419	4	2
27844859889	4	2
27844865737	4	2
27845018300	4	2
27845023202	4	2
27845113408	4	2
27845130556	4	2
27845138575	4	2
27845178070	4	2
27845214555	4	2
27845216101	4	2
27845243995	4	2
27845247915	4	2
27845249826	4	2
27845284503	4	2
27845358656	4	2
27845485050	4	2
27845503931	4	2
27845534902	4	2
27845775258	4	2
27845807887	4	2
27845831128	4	2
27845911507	4	2
27846064236	4	2
27847586972	4	2
27847601312	4	2
27847619404	4	2
27847671630	4	2
27848673337	4	2
27848871447	4	2
27848905322	4	2
27848951963	4	2
27848956365	4	2
27849411213	4	2
27850193683	4	2
27850264296	4	2
27850281164	4	2
27850282292	4	2
27850284433	4	2
27850391335	4	2
27850402903	4	2
27850416230	4	2
27850431202	4	2
27850436691	4	2
27850475706	4	2
27850488402	4	2
27850491561	4	2
27850499135	4	2
27850534764	4	2
27850540469	4	2
27850641215	4	2
27850642914	4	2
27850653386	4	2
27850666434	4	2
27850690529	4	2
27850724331	4	2
27850728140	4	2
27850738937	4	2
27850746298	4	2
27850776608	4	2
27851036419	4	2
27851068817	4	2
27852435194	4	2
27852790227	4	2
27852893718	4	2
27926768933	4	2
27927020015	4	2
27844024592	4	2
27843154325	4	2
27843390328	4	2
27843512588	4	2
27844042180	4	2
27844130182	4	2
27844268065	4	2
27842714162	4	2
27842812896	4	2
27843126940	4	2
27842752544	4	2
27842974461	4	2
27843054866	4	2
27843020134	4	2
27842725570	4	2
27842763259	4	2
27842734091	4	2
27843060609	4	2
27842821974	4	2
27843158691	4	2
27842835062	4	2
27842902906	4	2
27843091465	4	2
27844466346	4	2
27844055033	4	2
27843193449	4	2
27844049211	4	2
27844181015	4	2
27843129219	4	2
27843118152	4	2
27843255256	4	2
27843258907	4	2
27843430893	4	2
27843482408	4	2
27843480136	4	2
27844513467	4	2
27843506794	4	2
27843503468	4	2
27843500889	4	2
27843598934	4	2
27843580810	4	2
27843564169	4	2
27843631529	4	2
27843638298	4	2
27843792636	4	2
27844095645	4	2
27843917432	4	2
27844007303	4	2
27843921678	4	2
27843921835	4	2
27844859384	4	2
27845095176	4	2
27844096579	4	2
27844218112	4	2
27844381957	4	2
27845009231	4	2
27845187818	4	2
27844972336	4	2
27845136363	4	2
27845157603	4	2
27846710266	4	2
27845267397	4	2
27845255983	4	2
27845268070	4	2
27846351079	4	2
27853172345	4	2
27927044637	4	2
28579834132	5	3
28579844740	5	3
28579850131	5	3
28579878751	5	3
28579901789	5	3
28579903377	5	3
28579921290	5	3
28579939114	5	3
28579940095	5	3
28579952085	5	3
28579959402	5	3
28579968528	5	3
28579978961	5	3
28579986785	5	3
28579989808	5	3
28579990749	5	3
28579993415	5	3
28579994252	5	3
28579995757	5	3
28580006565	5	3
28580013909	5	3
28580014109	5	3
28580020715	5	3
28580025434	5	3
28580028809	5	3
28580035770	5	3
28580041591	5	3
28580054636	5	3
28580057620	5	3
28580058368	5	3
28580060059	5	3
28580064992	5	3
28580074710	5	3
28580076085	5	3
28580077766	5	3
28580086094	5	3
28580100596	5	3
28580102155	5	3
28580106003	5	3
28580119480	5	3
28580124127	5	3
28580128524	5	3
28580129250	5	3
28580130352	5	3
28580132836	5	3
28580155345	5	3
28580177988	5	3
28580183362	5	3
28580188057	5	3
28580242789	5	3
28580253192	5	3
28580291166	5	3
28580300863	5	3
28580316980	5	3
28580349505	5	3
28580379849	5	3
28580381952	5	3
28580390079	5	3
28580392432	5	3
28580404306	5	3
28580426556	5	3
28580432142	5	3
28580438032	5	3
28580438271	5	3
28580440675	5	3
28580443217	5	3
28580444396	5	3
28580450061	5	3
28580468625	5	3
28580494518	5	3
28580514313	5	3
28580529602	5	3
28580600159	5	3
28580620341	5	3
28580643515	5	3
28580655912	5	3
28580710225	5	3
28580715043	5	3
28580755390	5	3
28580784804	5	3
28580788816	5	3
28580812280	5	3
28580817909	5	3
28580823658	5	3
28580824541	5	3
28580828166	5	3
28580839218	5	3
28580839363	5	3
28580851943	5	3
28580865150	5	3
28580865231	5	3
28580869808	5	3
28580875057	5	3
28580892487	5	3
28580912774	5	3
28580925367	5	3
28580931652	5	3
28580934614	5	3
28580940018	5	3
28580944702	5	3
28580945801	5	3
28580950503	5	3
28580956461	5	3
28580958083	5	3
28580959119	5	3
28580985512	5	3
28581008490	5	3
28581019867	5	3
28581042436	5	3
28581064804	5	3
28581127861	5	3
28581129050	5	3
28581216629	5	3
28581232960	5	3
28581235685	5	3
28581236192	5	3
28581252039	5	3
28581256870	5	3
28581362388	5	3
28581363723	5	3
28581392775	5	3
28581448350	5	3
28581450379	5	3
28581537243	5	3
28581573269	5	3
28581581981	5	3
28581587638	5	3
28581589333	5	3
28581598376	5	3
28581605135	5	3
28581608812	5	3
28581614387	5	3
28581631132	5	3
28581672234	5	3
28581683480	5	3
28581735466	5	3
28581771915	5	3
28581941448	5	3
28582002526	5	3
28582486623	5	3
28582578179	5	3
28582598124	5	3
28582599636	5	3
28582621615	5	3
28582637983	5	3
28582705840	5	3
28583012292	5	3
28583214053	5	3
28579922487	5	3
28580133234	5	3
28580134211	5	3
28580226462	5	3
28580417288	5	3
28580428455	5	3
28580676046	5	3
28580324542	5	3
28581052501	5	3
28581260082	5	3
28581278650	5	3
28581393634	5	3
28579929696	5	3
28579907118	5	3
28579967602	5	3
28579997515	5	3
28580036471	5	3
28579957272	5	3
28579958993	5	3
28579988560	5	3
28580031958	5	3
28580226917	5	3
28580383067	5	3
28580416248	5	3
28580446657	5	3
28581002792	5	3
28579981624	5	3
28580244678	5	3
28580004786	5	3
28580622826	5	3
28580818773	5	3
28580822905	5	3
28580821056	5	3
28580020109	5	3
28580080142	5	3
28580218115	5	3
28581369780	5	3
28580241493	5	3
28580097093	5	3
28580177255	5	3
28580905607	5	3
28581029089	5	3
28581814076	5	3
28580073857	5	3
28580076991	5	3
28580113662	5	3
28580174458	5	3
28580222293	5	3
28580177520	5	3
28580162800	5	3
28580355582	5	3
28580346037	5	3
28580390876	5	3
28580686568	5	3
28581055833	5	3
28580292295	5	3
28580295617	5	3
28580153125	5	3
28580232181	5	3
28580202612	5	3
28580327710	5	3
28580336973	5	3
28580314571	5	3
28580466421	5	3
28583452206	5	3
28580651164	5	3
28580411410	5	3
28580946955	5	3
28581337602	5	3
28580434771	5	3
28580533730	5	3
28580823685	5	3
28580467459	5	3
28581255793	5	3
28581183586	5	3
28580917163	5	3
28581067168	5	3
28581054116	5	3
28581256480	5	3
28580961058	5	3
28580846947	5	3
28581031894	5	3
28580863323	5	3
28580891737	5	3
28580913450	5	3
28581013763	5	3
28581141661	5	3
28581182047	5	3
28581600911	5	3
28581457852	5	3
28581813525	5	3
28581615643	5	3
28581502897	5	3
28581501889	5	3
28581439715	5	3
28581446132	5	3
28582173085	5	3
28581377992	5	3
28581564182	5	3
28583013480	5	3
28581917577	5	3
28582303620	5	3
28582782245	5	3
28584472677	5	3
28583673809	5	3
43510187522	6	4
43510327589	6	4
43510408344	6	4
43510484897	6	4
43510499700	6	4
43510652555	6	4
43510654171	6	4
43510712968	6	4
43510895070	6	4
43510958642	6	4
43511020015	6	4
43511147201	6	4
43511147458	6	4
43511306964	6	4
43511568818	6	4
43511589610	6	4
43511646054	6	4
43511674106	6	4
43511683145	6	4
43511755409	6	4
43511773295	6	4
43511835553	6	4
43511837788	6	4
43511895396	6	4
43511916327	6	4
43511922730	6	4
43511974221	6	4
43511983614	6	4
43512001655	6	4
43512003172	6	4
43512019886	6	4
43512031801	6	4
43512041631	6	4
43512067347	6	4
43512090606	6	4
43512091393	6	4
43512103678	6	4
43512145582	6	4
43512146823	6	4
43512149691	6	4
43512151639	6	4
43512153781	6	4
43512155836	6	4
43512160660	6	4
43512161737	6	4
43512162162	6	4
43512166865	6	4
43512184802	6	4
43512184953	6	4
43512186076	6	4
43512208563	6	4
43512218515	6	4
43512221465	6	4
43512252766	6	4
43512257898	6	4
43512260365	6	4
43512266798	6	4
43512267665	6	4
43512270586	6	4
43512285346	6	4
43512302674	6	4
43512330166	6	4
43512363059	6	4
43512376625	6	4
43512385796	6	4
43512394082	6	4
43512396991	6	4
43512415194	6	4
43512421794	6	4
43512423160	6	4
43512433229	6	4
43512444162	6	4
43512454539	6	4
43512468909	6	4
43512470591	6	4
43512475855	6	4
43512484078	6	4
43512503490	6	4
43512519084	6	4
43512526960	6	4
43512527872	6	4
43512544930	6	4
43512574271	6	4
43512589496	6	4
43512595617	6	4
43512596833	6	4
43512634671	6	4
43512672918	6	4
43512673129	6	4
43512696131	6	4
43512757358	6	4
43512842259	6	4
43512962597	6	4
43513049832	6	4
43513128874	6	4
43513214643	6	4
43513236209	6	4
43513295808	6	4
43513305012	6	4
43513418751	6	4
43513423234	6	4
43513475647	6	4
43513620882	6	4
43513673920	6	4
43513802599	6	4
43513997172	6	4
43514001025	6	4
43514779534	6	4
43514829364	6	4
43515405827	6	4
43515433148	6	4
43515448033	6	4
43515589772	6	4
43515824551	6	4
43515954325	6	4
43512048123	6	4
43512105481	6	4
43512310152	6	4
43512463111	6	4
43512612636	6	4
43512827245	6	4
43512946789	6	4
43513211761	6	4
43513262472	6	4
43513290897	6	4
43513303639	6	4
43513408732	6	4
43513743308	6	4
43513755569	6	4
43513768601	6	4
43513841879	6	4
43513851416	6	4
43513975263	6	4
43514051838	6	4
43514137719	6	4
43514140912	6	4
43514213579	6	4
43514249076	6	4
43514402128	6	4
43514624389	6	4
43514735254	6	4
43514736264	6	4
43514812259	6	4
43514943121	6	4
43515051967	6	4
43515133303	6	4
43512247760	6	4
43514044565	6	4
43511993952	6	4
43512774142	6	4
43513257982	6	4
43513470988	6	4
43513770302	6	4
43514618021	6	4
43514722262	6	4
43510556536	6	4
43513499180	6	4
43512410545	6	4
43513780761	6	4
43514740879	6	4
43514867136	6	4
43512094877	6	4
43512402372	6	4
43511130171	6	4
43514042129	6	4
43512462765	6	4
43511952629	6	4
43511972651	6	4
43512088788	6	4
43512249012	6	4
43512377456	6	4
43512590546	6	4
43511949860	6	4
43512273842	6	4
43512412842	6	4
43511804823	6	4
43511859670	6	4
43511851518	6	4
43512015365	6	4
43512754653	6	4
43513811045	6	4
43514535051	6	4
43514718032	6	4
43511929301	6	4
43513569483	6	4
43515314713	6	4
43512628556	6	4
43512424226	6	4
43513276771	6	4
43512184285	6	4
43512395146	6	4
43513795404	6	4
43513879977	6	4
43514025062	6	4
43513174617	6	4
43513989362	6	4
43512242972	6	4
43553032701	6	4
43512718441	6	4
43512485688	6	4
43512865464	6	4
43515132108	6	4
43515133733	6	4
43512544710	6	4
43513842284	6	4
43514642591	6	4
43553056075	6	4
43512507625	6	4
43512379464	6	4
43512551674	6	4
43512499206	6	4
43514090218	6	4
43512571858	6	4
43512582154	6	4
43512747038	6	4
43513223598	6	4
43513317511	6	4
43512627201	6	4
43512479832	6	4
43512452325	6	4
43512425535	6	4
43512824022	6	4
43512884303	6	4
43512508373	6	4
43514665428	6	4
43513819166	6	4
43515763718	6	4
43515385253	6	4
43512543397	6	4
43514297210	6	4
43514427079	6	4
43512568058	6	4
43517534233	6	4
43512701317	6	4
43512751046	6	4
43513268709	6	4
43512683571	6	4
43513025554	6	4
43512729042	6	4
43514153870	6	4
43512990978	6	4
43518116748	6	4
43513557179	6	4
43515413504	6	4
43515674252	6	4
43514290845	6	4
43515050828	6	4
43516029491	6	4
43515462377	6	4
43516446316	6	4
43517260494	6	4
39391256074	2	5
39391401252	2	5
39391441093	2	5
39391484547	2	5
39392010906	2	5
39392096922	2	5
39392115314	2	5
39392227007	2	5
39392274167	2	5
39392295539	2	5
39392338483	2	5
39392555055	2	5
39392596260	2	5
39392655169	2	5
39392725542	2	5
39392764018	2	5
39392783175	2	5
39392888210	2	5
39392898974	2	5
39393031223	2	5
39393056275	2	5
39393106657	2	5
39393161556	2	5
39393234468	63	5
39393416277	2	5
39393529659	2	5
39393535010	2	5
39393566292	2	5
39393589866	63	5
39393665037	63	5
39393689715	2	5
39393874601	63	5
39393960385	2	5
39394093123	2	5
39394113705	2	5
39394197253	2	5
39394205456	63	5
39394241695	2	5
39394249763	63	5
39394273675	2	5
39394281719	63	5
39394348799	63	5
39394395591	63	5
39394408438	63	5
39394413774	2	5
39394416631	63	5
39394435385	2	5
39394455934	63	5
39394476692	63	5
39394500853	63	5
39394511562	63	5
39394517355	2	5
39394535649	2	5
39394557688	2	5
39394559503	63	5
39394578577	2	5
39394583419	2	5
39394612851	63	5
39394617159	2	5
39394619013	63	5
39394643586	2	5
39394671355	2	5
39394685701	2	5
39394717068	2	5
39394765494	2	5
39394788168	2	5
39394798223	63	5
39394831162	2	5
39394844877	63	5
39394865734	63	5
39394865895	63	5
39394873698	2	5
39394885879	2	5
39394888345	2	5
39394894151	2	5
39394895399	63	5
39394908439	63	5
39394934622	63	5
39394938676	63	5
39394943068	63	5
39394949088	2	5
39394951762	63	5
39394959542	63	5
39394996440	63	5
39395012176	2	5
39395012879	63	5
39395046111	63	5
39395069383	2	5
39395092300	2	5
39395122483	2	5
39395136878	63	5
39395167768	63	5
39395194030	63	5
39395210135	2	5
39395239595	2	5
39395505858	2	5
39395622726	63	5
39395760817	63	5
39395787910	63	5
39395800590	2	5
39395814434	63	5
39396175487	2	5
39396342235	2	5
39396397885	63	5
39396408468	63	5
39396444687	63	5
39396497587	2	5
39396499374	63	5
39396521905	63	5
39396673848	2	5
39396989021	63	5
39397192348	2	5
39397231948	63	5
39397271587	2	5
39397413128	2	5
39397438861	2	5
39397581309	63	5
39397658288	63	5
39397997634	2	5
39398036527	63	5
39398039258	63	5
39398047809	63	5
39398054120	63	5
39398271883	63	5
39398375675	63	5
39398382904	63	5
39398398643	63	5
39398403558	63	5
39398411628	63	5
39398432885	63	5
39398435610	63	5
39398469790	63	5
39398498773	63	5
39398556585	63	5
39398577459	63	5
39398584169	63	5
39398593687	63	5
39398600009	63	5
39398669885	63	5
39399181126	63	5
39400475942	63	5
39400489235	2	5
39400502259	2	5
39400510343	2	5
39400555504	2	5
39400628872	2	5
39400736432	2	5
39400831272	2	5
39400878962	2	5
39401016423	2	5
39401550685	2	5
39401752556	2	5
39401861132	2	5
39402233115	2	5
39402524883	2	5
39402724465	2	5
39403002179	2	5
39403292137	2	5
39403961164	2	5
39403985896	2	5
39404042720	2	5
39404450997	63	5
39410417327	63	5
39412491683	63	5
39417194802	63	5
39750831492	2	5
39752183214	2	5
39753852674	2	5
39753958035	2	5
39754063492	2	5
39754107890	2	5
40668607669	2	5
39391685030	2	5
39392146837	2	5
39392265807	2	5
39392343521	2	5
39392790631	2	5
39392902287	2	5
39393356645	2	5
39393901562	2	5
39393921216	2	5
39394968469	2	5
39395116045	2	5
39395586040	2	5
39395635492	2	5
39396418280	2	5
39396953519	2	5
39396982307	2	5
39460636281	2	5
39392105129	2	5
39392183306	2	5
39393900109	2	5
39393427244	2	5
39396356044	2	5
39393011502	2	5
39394288299	2	5
39393884477	2	5
39394258281	2	5
39394259243	2	5
39393879527	2	5
39396287713	2	5
39394105188	2	5
39393683051	2	5
39394803815	2	5
39409893411	2	5
39458158419	2	5
39393641178	2	5
39393660423	2	5
39393674845	63	5
39395334130	63	5
39397327662	2	5
39394481874	2	5
39397313770	2	5
39394500996	2	5
39395272895	63	5
39397386885	63	5
39397325331	2	5
39394559070	2	5
39397319733	2	5
39409887791	2	5
39409889852	2	5
39396563790	63	5
39397309224	2	5
39394945275	2	5
39395397362	63	5
39394971766	63	5
39395385726	63	5
39395218791	2	5
39395328073	63	5
39395477617	2	5
39399720634	2	5
39398665930	63	5
39399037714	2	5
39398104362	2	5
39398647238	63	5
39398606911	63	5
39398614152	63	5
39399267388	63	5
39404420996	2	5
39404197442	2	5
39428713882	63	5
39754199746	2	5
40761508204	2	5
39753410496	7	6
39753761897	7	6
39754236521	7	6
39754271004	7	6
39754288471	7	6
39754584014	7	6
39754599178	7	6
39755095245	7	6
39755165606	7	6
39755173189	7	6
39755266822	7	6
39755307167	7	6
39755318091	7	6
39755325154	7	6
39755390477	7	6
39755398526	7	6
39755526305	7	6
39755545506	7	6
39755563911	7	6
39755770340	7	6
39755791810	7	6
39755826764	7	6
39755928018	7	6
39756049489	7	6
39756051070	7	6
39756064008	7	6
39756096871	7	6
39756197929	7	6
39756210252	7	6
39756476759	7	6
39756523037	7	6
39756542753	7	6
39756559580	7	6
39756580481	7	6
39756624380	7	6
39756646510	7	6
39756698605	7	6
39756726224	7	6
39756739394	7	6
39756797456	7	6
39756873190	7	6
39756909972	7	6
39757061637	7	6
39757258412	7	6
39757402308	7	6
39757652791	7	6
39757717853	7	6
39757737720	7	6
39757754387	7	6
39757772426	7	6
39757993400	7	6
39758071276	7	6
39758183559	7	6
39758267879	7	6
39758270397	7	6
39758445651	7	6
39758495005	7	6
39758497537	7	6
39758869311	7	6
39758939096	7	6
39758990253	7	6
39759012606	7	6
39759060016	7	6
39759061283	7	6
39759075677	7	6
39759089775	7	6
39759136070	7	6
39759136874	7	6
39759166338	7	6
39759179398	7	6
39759215360	7	6
39759252999	7	6
39759259416	7	6
39759261151	7	6
39759277948	7	6
39759296954	7	6
39759349228	7	6
39759358191	7	6
39759362011	7	6
39759368113	7	6
39759375067	7	6
39759378531	7	6
39759393200	7	6
39759505722	7	6
39759560621	7	6
39759571571	7	6
39759695314	7	6
39759703120	7	6
39759784044	7	6
39759792301	7	6
39759998759	7	6
39760055153	7	6
39760634572	7	6
39760647337	7	6
39760662827	7	6
39760672256	7	6
39760789700	7	6
39760950511	7	6
39761067610	7	6
39761378716	7	6
39761397422	7	6
39761479845	7	6
39761513502	7	6
39761529386	7	6
39761579170	7	6
39761771134	7	6
39761781568	7	6
39761861381	7	6
39761933881	7	6
39761966784	7	6
39762111686	7	6
39762896137	7	6
39762931017	7	6
39763013806	7	6
39763040305	7	6
39763194530	7	6
39763309535	7	6
39763324429	7	6
39763338494	7	6
39763373329	7	6
39763403948	7	6
39763606098	7	6
39763698494	7	6
39763714065	7	6
39763731875	7	6
39763764010	7	6
39763798724	7	6
39763860452	7	6
39763870785	7	6
39763961991	7	6
39764047666	7	6
39764072917	7	6
39764099777	7	6
39764105815	7	6
39764121528	7	6
39764128799	7	6
39764134064	7	6
39764140961	7	6
39764308461	7	6
39764311695	7	6
39764344561	7	6
39764372099	7	6
39764429497	7	6
39764461742	7	6
39764491010	7	6
39764495783	7	6
39764526773	7	6
39764559352	7	6
39764567295	7	6
39764633786	7	6
39764708487	7	6
39764747220	7	6
39764764854	7	6
39764845842	7	6
39765066065	7	6
39765413450	7	6
39765502592	7	6
39765522019	7	6
39765656021	7	6
39766094579	7	6
39766125985	7	6
39766132991	7	6
39766151313	7	6
39766162852	7	6
39766169319	7	6
39766192724	7	6
39766230538	7	6
39766237465	7	6
39766244241	7	6
39766265805	7	6
39766281214	7	6
39776109412	7	6
39779177045	7	6
39779239536	7	6
40083384270	7	6
39754356694	7	6
39755222841	7	6
39755497060	7	6
39755517534	7	6
39755732770	7	6
39756235888	7	6
39756339184	7	6
39756389292	7	6
39756954385	7	6
39757019438	7	6
39757409408	7	6
39757796927	7	6
39758025489	7	6
39758166460	7	6
39763573813	7	6
40249822894	7	6
39755508938	7	6
39756370708	7	6
39756124876	7	6
39755750559	7	6
39757722159	7	6
39755693547	7	6
39755813673	7	6
39756060409	7	6
39757874880	7	6
39756475933	7	6
39757849194	7	6
39763422643	7	6
39756424891	7	6
39756122305	7	6
39756228093	7	6
39757010291	7	6
39756699611	7	6
39756814874	7	6
39756850082	7	6
39758385102	7	6
39757661959	7	6
39758725328	7	6
39758702430	7	6
39758007970	7	6
39758962006	7	6
39761312967	7	6
39759338397	7	6
39782171457	7	6
39774714913	7	6
39759226494	7	6
39759220119	7	6
39759282044	7	6
39759274768	7	6
39759315048	7	6
39759372475	7	6
39761770686	7	6
39761786928	7	6
39761645140	7	6
39775617972	7	6
39763627179	7	6
39763534958	7	6
39765441577	7	6
39765423223	7	6
39765955118	7	6
39766260081	7	6
39766344109	7	6
39779600172	7	6
40085155045	7	6
43450321058	8	7
43450423043	8	7
43450630455	8	7
43450750969	8	7
43450751015	8	7
43450783619	8	7
43450811834	8	7
43450878120	8	7
43450888071	8	7
43450974240	8	7
43451128704	8	7
43451253941	8	7
43451303946	8	7
43451311000	8	7
43451400853	8	7
43451434414	8	7
43451452653	8	7
43451509128	8	7
43451516090	8	7
43451560277	8	7
43451663523	8	7
43451727843	8	7
43451754598	8	7
43451772679	8	7
43451823159	8	7
43451844117	8	7
43451928517	8	7
43451962665	8	7
43452020142	8	7
43452120943	8	7
43452412409	8	7
43452442465	8	7
43452540708	8	7
43452555092	8	7
43453042437	8	7
43453080871	8	7
43453088451	8	7
43453099128	8	7
43453106419	8	7
43453113080	8	7
43453115317	8	7
43453636958	8	7
43453965126	8	7
43454028403	8	7
43454440477	8	7
43454799639	8	7
43454803858	8	7
43454807105	8	7
43454873684	8	7
43454896751	8	7
43454960476	8	7
43455017413	8	7
43455058443	8	7
43455225140	8	7
43455449493	8	7
43455569514	8	7
43455591163	8	7
43455616651	8	7
43455702080	8	7
43455711246	8	7
43455981915	8	7
43456007014	8	7
43456111405	8	7
43456123750	8	7
43456156920	8	7
43456162249	8	7
43456277353	8	7
43456283720	8	7
43456360035	8	7
43456452775	8	7
43456460596	8	7
43456604141	8	7
43456762438	8	7
43456831857	8	7
43457034289	8	7
43457048880	8	7
43457170721	8	7
43457190602	8	7
43457226512	8	7
43457252619	8	7
43457297379	8	7
43457391168	8	7
43457415511	8	7
43457428386	8	7
43457429112	8	7
43457450346	8	7
43457454543	8	7
43457463524	8	7
43457466034	8	7
43457472086	8	7
43457477482	8	7
43457479174	8	7
43457498682	8	7
43457873670	8	7
43457935538	8	7
43458219224	8	7
43458246449	8	7
43458255304	8	7
43458398054	8	7
43458440255	8	7
43458440774	8	7
43458675537	8	7
43458751837	8	7
43458771406	8	7
43458818202	8	7
43458833527	8	7
43458992833	8	7
43459020674	8	7
43459049142	8	7
43459339603	8	7
43459344784	8	7
43459392748	8	7
43459419450	8	7
43459579457	8	7
43459589726	8	7
43459616714	8	7
43459622129	8	7
43459628732	8	7
43459631695	8	7
43459637843	8	7
43459640060	8	7
43459655916	8	7
43459662931	8	7
43459670117	8	7
43459694324	8	7
43459697874	8	7
43459727801	8	7
43460457466	8	7
43460538355	8	7
43460549054	8	7
43460565602	8	7
43460604883	8	7
43460637607	8	7
43460706244	8	7
43461033249	8	7
43461076805	8	7
43461148151	8	7
43461412669	8	7
43461434535	8	7
43461901143	8	7
43462024858	8	7
43463997416	8	7
43464252895	8	7
43464742768	8	7
43465093469	8	7
43466735760	8	7
43469088797	8	7
43469948420	8	7
43471988765	8	7
43472068172	8	7
43472197143	8	7
43473217030	8	7
43473332810	8	7
43476059973	8	7
43481408778	8	7
43482540248	8	7
44596121851	8	7
43453779166	8	7
43455718233	8	7
43456053431	8	7
43456202448	8	7
43456240245	8	7
43459589683	8	7
43450426745	8	7
43455421339	8	7
43456006341	8	7
43456536125	8	7
43456767850	8	7
43458186191	8	7
43458343749	8	7
43461097904	8	7
43461477845	8	7
43461670782	8	7
43461854325	8	7
43462042352	8	7
43451008420	8	7
43457485172	8	7
43457605761	8	7
43450979637	8	7
43451078817	8	7
43454650638	8	7
43455467505	8	7
43451420714	8	7
43454640058	8	7
43452055091	8	7
43457271654	8	7
43454641522	8	7
43454642672	8	7
43455777944	8	7
43455938621	8	7
43455865942	8	7
43455870202	8	7
43453159791	8	7
43462646137	8	7
43454964979	8	7
43457971780	8	7
43493430811	8	7
43455035104	8	7
43455614827	8	7
43456051032	8	7
43455777764	8	7
43455790364	8	7
43457337708	8	7
43458566176	8	7
43456223064	8	7
43474694684	8	7
43456300992	8	7
43456704480	8	7
43493353781	8	7
43457952150	8	7
43456879937	8	7
43457323066	8	7
43458407200	8	7
43457750558	8	7
43458401127	8	7
43458586968	8	7
43493411210	8	7
43459435249	8	7
43459758537	8	7
43459102998	8	7
43459434948	8	7
43462624237	8	7
43459743423	8	7
43461045214	8	7
43461953046	8	7
43462101027	8	7
43464865068	8	7
43473506421	8	7
43472276879	8	7
43500624588	8	7
44596147881	8	7
43510213141	9	8
43510421415	9	8
43510483689	9	8
43510528327	9	8
43510686827	9	8
43510806656	9	8
43510911815	9	8
43510943244	9	8
43510988681	9	8
43510995517	9	8
43511011255	9	8
43511017501	9	8
43511035901	9	8
43511046829	9	8
43511055480	9	8
43511086865	9	8
43511117571	9	8
43511147487	9	8
43511159951	9	8
43511208836	9	8
43511217107	9	8
43511255105	9	8
43511272184	9	8
43511305597	9	8
43511314294	9	8
43511351625	9	8
43511404991	9	8
43511421872	9	8
43511448093	9	8
43511453175	9	8
43511456818	9	8
43511467059	9	8
43511494389	9	8
43511494520	9	8
43511512961	9	8
43511518425	9	8
43511528162	9	8
43511571614	9	8
43511573874	9	8
43511582185	9	8
43511592926	9	8
43511594571	9	8
43511598958	9	8
43511652984	9	8
43511659152	9	8
43511702684	9	8
43511708467	9	8
43511711219	9	8
43511717124	9	8
43511727742	9	8
43511729808	9	8
43511736023	9	8
43511746592	9	8
43511747796	9	8
43511797760	9	8
43511799995	9	8
43511810467	9	8
43511917277	9	8
43511919039	9	8
43511950293	9	8
43511977472	9	8
43511987427	9	8
43511991258	9	8
43512009543	9	8
43512014217	9	8
43512042514	9	8
43512074164	9	8
43512086777	9	8
43512116478	9	8
43512123518	9	8
43512125081	9	8
43512125300	9	8
43512136292	9	8
43512169152	9	8
43512176792	9	8
43512266234	9	8
43512360256	9	8
43512394411	9	8
43512508872	9	8
43512549272	9	8
43512562942	9	8
43512662971	9	8
43512708967	9	8
43512747281	9	8
43512782951	9	8
43512891223	9	8
43513028788	9	8
43513147090	9	8
43513171419	9	8
43513180549	9	8
43513290230	9	8
43513444628	9	8
43513877127	9	8
43513908240	9	8
43513957898	9	8
43514110531	9	8
43514143532	9	8
43514176594	9	8
43514194771	9	8
43514228294	9	8
43514263977	9	8
43514322316	9	8
43514473203	9	8
43514524702	9	8
43514765788	9	8
43514825432	9	8
43514862615	9	8
43514876972	9	8
43514967958	9	8
43514977244	9	8
43515021953	9	8
43515031786	9	8
43515137810	9	8
43515299551	9	8
43515302307	9	8
43515330922	9	8
43515339121	9	8
43515491959	9	8
43515729841	9	8
43516040116	9	8
43516152581	9	8
43516322790	9	8
43516332643	9	8
43517231880	9	8
43517307165	9	8
43517433619	9	8
43517486293	9	8
43517902537	9	8
43511453337	9	8
43511746566	9	8
43513165074	9	8
43513991414	9	8
43514979168	9	8
43511033444	9	8
43511255116	9	8
43511501936	9	8
43511512052	9	8
43511512864	9	8
43514163194	9	8
43517318287	9	8
43510785194	9	8
43510909107	9	8
43511453285	9	8
43511562025	9	8
43511616516	9	8
43512030756	9	8
43512103958	9	8
43516493082	9	8
43511767202	9	8
43513399040	9	8
43511731967	9	8
43511710869	9	8
43511396475	9	8
43511545266	9	8
43511702361	9	8
43511099372	9	8
43512429094	9	8
43512116194	9	8
43512145254	9	8
43515123505	9	8
43515002348	9	8
43511691776	9	8
43511345796	9	8
43514511901	9	8
43511448407	9	8
43512087325	9	8
43513364991	9	8
43513553250	9	8
43516550402	9	8
43513407473	9	8
43513872363	9	8
43511623543	9	8
43511751901	9	8
43511749445	9	8
43511582278	9	8
43514489909	9	8
43513323639	9	8
43516506383	9	8
43511962785	9	8
43514819672	9	8
43511764702	9	8
43511824594	9	8
43512958036	9	8
43513123272	9	8
43511869579	9	8
43511814690	9	8
43517524154	9	8
43512005943	9	8
43515127323	9	8
43515145750	9	8
43514836835	9	8
43512120588	9	8
43514500714	9	8
43514199398	9	8
43512538132	9	8
43514052119	9	8
43512332459	9	8
43512335048	9	8
43513685771	9	8
43513006189	9	8
43515130986	9	8
43514380878	9	8
43514750003	9	8
43514868397	9	8
43512591786	9	8
43512722365	9	8
43514527487	9	8
43513228108	9	8
43513368591	9	8
43516464074	9	8
43517389607	9	8
43514878431	9	8
43514244703	9	8
43514880349	9	8
43515045967	9	8
43516045657	9	8
43517089263	9	8
43517711744	9	8
43515265241	9	8
43516076319	9	8
43517439481	9	8
43516126628	9	8
43517109868	9	8
43543329793	9	8
43523237139	9	8
43517586031	9	8
43518108039	9	8
43510356412	10	9
43511085796	10	9
43511104993	10	9
43511190135	10	9
43511223968	10	9
43511255980	10	9
43511324626	10	9
43511325588	10	9
43511334264	10	9
43511377777	10	9
43511412458	10	9
43511581982	10	9
43511593013	10	9
43511603183	10	9
43511635310	10	9
43511687520	10	9
43511688983	10	9
43511729527	10	9
43511736533	10	9
43511752623	10	9
43511764356	10	9
43511796065	10	9
43511979207	10	9
43511994589	10	9
43512036511	10	9
43512105091	10	9
43512116375	10	9
43512121642	10	9
43512122348	10	9
43512161276	10	9
43512179299	10	9
43512195683	10	9
43512212597	10	9
43512258504	10	9
43512281982	10	9
43512294290	10	9
43512306518	10	9
43512309953	10	9
43512426362	10	9
43512429747	10	9
43512461101	10	9
43512489988	10	9
43512500013	10	9
43512525048	10	9
43512626641	10	9
43512640935	10	9
43512641213	10	9
43512644180	10	9
43512782263	10	9
43512790347	10	9
43512822224	10	9
43512887312	10	9
43512903821	10	9
43513061615	10	9
43513105338	10	9
43513129203	10	9
43513152975	10	9
43513188733	10	9
43513191455	10	9
43513199095	10	9
43513210176	10	9
43513229981	10	9
43513243202	10	9
43513295849	10	9
43513301449	10	9
43513308491	10	9
43513323905	10	9
43513346595	10	9
43513367110	10	9
43513368835	10	9
43513473851	10	9
43513548321	10	9
43513879460	10	9
43513932474	10	9
43514024672	10	9
43514069162	10	9
43514268797	10	9
43514271503	10	9
43514371600	10	9
43514381737	10	9
43514396004	10	9
43514511747	10	9
43514529414	10	9
43514617882	10	9
43514636522	10	9
43514643334	10	9
43514646106	10	9
43514649470	10	9
43514655658	10	9
43514683795	10	9
43514696933	10	9
43514717600	10	9
43514724418	10	9
43514772102	10	9
43514931017	10	9
43514960498	10	9
43514990159	10	9
43515049100	10	9
43515061474	10	9
43515360560	10	9
43515373072	10	9
43515422933	10	9
43515785818	10	9
43515833142	10	9
43515892496	10	9
43515923076	10	9
43515930761	10	9
43515946775	10	9
43515951114	10	9
43515989728	10	9
43516046304	10	9
43516148463	10	9
43516418335	10	9
43516721560	10	9
43516754414	10	9
43516777521	10	9
43517132503	10	9
43517604928	10	9
43517616788	10	9
43517712832	10	9
43517744443	10	9
43517792972	10	9
43517840147	10	9
43517900957	10	9
43517916052	10	9
43518648302	10	9
43518689217	10	9
43518727679	10	9
43518735567	10	9
43518751300	10	9
43518763141	10	9
43518828055	10	9
43518844706	10	9
43519063030	10	9
43519103152	10	9
43520060998	10	9
43520080019	10	9
43520174987	10	9
43520341055	10	9
43512787006	10	9
43513360927	10	9
43513773961	10	9
43514089554	10	9
43513629603	10	9
43514466286	10	9
43514597824	10	9
43514681346	10	9
43514940722	10	9
43512265997	10	9
43512519270	10	9
43515967308	10	9
43512237893	10	9
43512382712	10	9
43512090472	10	9
43511944754	10	9
43511972090	10	9
43512012694	10	9
43512154864	10	9
43514347966	10	9
43511980677	10	9
43511905359	10	9
43512134965	10	9
43511651045	10	9
43512166417	10	9
43512439398	10	9
43511692729	10	9
43512146907	10	9
43512284644	10	9
43512328752	10	9
43512885775	10	9
43511759052	10	9
43511997447	10	9
43512164493	10	9
43512204073	10	9
43512721098	10	9
43513986766	10	9
43515965012	10	9
43514141757	10	9
43515091231	10	9
43512458007	10	9
43512730318	10	9
43515062025	10	9
43512507664	10	9
43512517996	10	9
43514045983	10	9
43512683884	10	9
43513173170	10	9
43514384899	10	9
43513065862	10	9
43514663031	10	9
43514978580	10	9
43517110933	10	9
43512973923	10	9
43513165301	10	9
43512965722	10	9
43515032932	10	9
43514740500	10	9
43515943669	10	9
43515942254	10	9
43515939050	10	9
43514357556	10	9
43515731132	10	9
43513805082	10	9
43514367277	10	9
43514474132	10	9
43515746332	10	9
43514631724	10	9
43514297091	10	9
43515889025	10	9
43516232065	10	9
43514743105	10	9
43515374526	10	9
43522308477	10	9
43517014648	10	9
43519432437	10	9
43523467058	10	9
43516951233	10	9
43516809689	10	9
43518900664	10	9
43516506700	10	9
43516803490	10	9
43519366007	10	9
43517633399	10	9
43520119401	10	9
43520397792	10	9
43742846515	11	10
43742883975	11	10
43743033950	11	10
43743258714	11	10
43743263885	11	10
43743445997	11	10
43743468162	11	10
43743662873	11	10
43743668630	11	10
43743721239	11	10
43743816755	11	10
43743910878	11	10
43743936456	11	10
43743976515	11	10
43744010054	11	10
43744015287	11	10
43744065138	11	10
43744077784	11	10
43744084309	11	10
43744113495	11	10
43744117085	11	10
43744146995	11	10
43744160688	11	10
43744167072	11	10
43744180845	11	10
43744205021	11	10
43744205120	11	10
43744253166	11	10
43744260146	11	10
43744275869	11	10
43744285286	11	10
43744294538	11	10
43744301127	11	10
43744302367	11	10
43744307176	11	10
43744312282	11	10
43744322031	11	10
43744343011	11	10
43744348818	11	10
43744377021	11	10
43744393766	11	10
43744398304	11	10
43744401219	11	10
43744408419	11	10
43744413589	11	10
43744429500	11	10
43744441567	11	10
43744442367	11	10
43744450534	11	10
43744465876	11	10
43744487988	11	10
43744543817	11	10
43744560539	11	10
43744577303	11	10
43744614438	11	10
43744615695	11	10
43744666235	11	10
43744690141	11	10
43744704525	11	10
43744721014	11	10
43744732960	11	10
43744744483	11	10
43744788894	11	10
43744799718	11	10
43744814785	11	10
43744835338	11	10
43744845184	11	10
43744857384	11	10
43744892375	11	10
43744978113	11	10
43744987793	11	10
43745041688	11	10
43745055170	11	10
43745093783	11	10
43745133780	11	10
43745245369	11	10
43745265359	11	10
43745391165	11	10
43745419940	11	10
43745569916	11	10
43745625050	11	10
43745632484	11	10
43745661669	11	10
43745678439	11	10
43745695434	11	10
43745698678	11	10
43745717779	11	10
43745728143	11	10
43745736226	11	10
43745738254	11	10
43745738421	11	10
43745756312	11	10
43745777805	11	10
43745781838	11	10
43745785177	11	10
43745799494	11	10
43745820005	11	10
43745824032	11	10
43745837578	11	10
43745838938	11	10
43745847784	11	10
43745852600	11	10
43745862277	11	10
43745866944	11	10
43745874838	11	10
43745884753	11	10
43745949452	11	10
43746006567	11	10
43746051159	11	10
43746087239	11	10
43746098243	11	10
43746419953	11	10
43746467924	11	10
43746527853	11	10
43746602211	11	10
43747023562	11	10
43748218690	11	10
43748766017	11	10
43749196222	11	10
43749645095	11	10
43751410251	11	10
43751721053	11	10
43751780859	11	10
43751907355	11	10
43754889162	11	10
43757283099	11	10
43780964471	11	10
43743331273	11	10
43743970200	11	10
43745392675	11	10
43745696364	11	10
43746161507	11	10
43747612386	11	10
43748685579	11	10
43750412766	11	10
43754806234	11	10
43756761750	11	10
43757276163	11	10
43758005712	11	10
43758165705	11	10
43764740247	11	10
43779218351	11	10
43784818315	11	10
43859016848	11	10
43743434123	11	10
43743545502	11	10
43745182580	11	10
43743453259	11	10
43743592268	11	10
43743581757	11	10
43757353740	11	10
43744325320	11	10
43744100057	11	10
43744393631	11	10
43744183926	11	10
43748337352	11	10
43744713012	11	10
43747315415	11	10
43744822637	11	10
43758055006	11	10
43762810762	11	10
43859020585	11	10
43745134139	11	10
43745876803	11	10
43756580926	11	10
43744560470	11	10
43749210660	11	10
43747057951	11	10
43745867636	11	10
43746044854	11	10
43744384315	11	10
43744422325	11	10
43746398718	11	10
43744725863	11	10
43744659680	11	10
43757293312	11	10
43744693679	11	10
43744716571	11	10
43745794914	11	10
43744905472	11	10
43745020634	11	10
43744756473	11	10
43744817106	11	10
43745513520	11	10
43749667573	11	10
43744904253	11	10
43744890357	11	10
43744950009	11	10
43757369959	11	10
43745734908	11	10
43746113934	11	10
43746125055	11	10
43745889504	11	10
43745891694	11	10
43746096685	11	10
43746084984	11	10
43746121315	11	10
43750950036	11	10
43753063555	11	10
43747291709	11	10
43749640279	11	10
43757336240	11	10
43780951446	11	10
43749144018	11	10
43754811745	11	10
43754947415	11	10
43750983689	11	10
43751694597	11	10
43752065424	11	10
43759584019	11	10
43778615643	11	10
43781299465	11	10
43743090888	12	11
43743572406	12	11
43744946675	12	11
43745582508	12	11
43745660875	12	11
43745800153	12	11
43746463974	12	11
43746592600	12	11
43746762802	12	11
43747041984	12	11
43747251660	12	11
43747331824	12	11
43747455392	12	11
43747702577	12	11
43747705695	12	11
43747819435	12	11
43748382896	12	11
43748561637	12	11
43749427506	12	11
43749633240	12	11
43749648148	12	11
43750283655	12	11
43750396729	12	11
43750406852	12	11
43750849459	12	11
43751939271	12	11
43753152771	12	11
43753339293	12	11
43754335411	12	11
43754362538	12	11
43754381052	12	11
43754509274	12	11
43754528007	12	11
43754528277	12	11
43754653650	12	11
43754730163	12	11
43754743352	12	11
43754913737	12	11
43755273093	12	11
43755821454	12	11
43755825069	12	11
43755936090	12	11
43756161934	12	11
43756755816	12	11
43757161425	12	11
43757969021	12	11
43759534559	12	11
43759727688	12	11
43759749159	12	11
43759979795	12	11
43759992623	12	11
43760555361	12	11
43760566284	12	11
43760648311	12	11
43761608555	12	11
43762137420	12	11
43762187886	12	11
43762244058	12	11
43762286166	12	11
43767139691	12	11
43767809181	12	11
43768573464	12	11
43768689745	12	11
43768772646	12	11
43769255569	12	11
43770161486	12	11
43770271969	12	11
43770815855	12	11
43776555305	12	11
43776793529	12	11
43776829373	12	11
43776892055	12	11
43776954717	12	11
43777183358	12	11
43777220256	12	11
43777456262	12	11
43777572302	12	11
43778849062	12	11
43778877386	12	11
43779972587	12	11
43781204964	12	11
43782213594	12	11
43782724141	12	11
43782765826	12	11
43782785330	12	11
43782813396	12	11
43782895094	12	11
43783100761	12	11
43783506793	12	11
43858845141	12	11
43858849220	12	11
43858858852	12	11
43858872211	12	11
43858881668	12	11
43858903086	12	11
43858925999	12	11
43858983566	12	11
43859771151	12	11
43859788680	12	11
43859908658	12	11
43860449075	12	11
43862463133	12	11
43865946425	12	11
43866000155	12	11
43866031085	12	11
43866034750	12	11
43866042479	12	11
43866122386	12	11
43866137496	12	11
43868637703	12	11
43871122752	12	11
43873456956	12	11
43873837767	12	11
43874697790	12	11
43875434124	12	11
43876711142	12	11
43886504910	12	11
43896647690	12	11
43896670570	12	11
43896804678	12	11
43897412421	12	11
43745654779	12	11
43750026179	12	11
43752201692	12	11
43762667057	12	11
43763660064	12	11
43745585450	12	11
43762824217	12	11
43745362269	12	11
43745991143	12	11
43745858584	12	11
43748402809	12	11
43748524586	12	11
43760701423	12	11
43762799043	12	11
43771400956	12	11
43773241228	12	11
43858975957	12	11
43858960687	12	11
43858979924	12	11
43767147406	12	11
43748751993	12	11
43750277679	12	11
43754670637	12	11
43767467485	12	11
43769072372	12	11
43750436116	12	11
43757224638	12	11
43776113883	12	11
43754477327	12	11
43755291002	12	11
43858941692	12	11
43755085351	12	11
43755073718	12	11
43757247940	12	11
43762799975	12	11
43756007720	12	11
43755860618	12	11
43769111819	12	11
43760584476	12	11
43769273038	12	11
43757505180	12	11
43769776625	12	11
43858887934	12	11
43858908427	12	11
43761147154	12	11
43762228020	12	11
44680789177	12	11
43987413667	12	11
43782723018	12	11
43765290309	12	11
43773102325	12	11
43769153339	12	11
43770316651	12	11
43772468716	12	11
43772534521	12	11
43779306315	12	11
43781224199	12	11
43784948998	12	11
43781229689	12	11
43779326734	12	11
43781240508	12	11
43782833443	12	11
43783348303	12	11
43785403131	12	11
43785446124	12	11
43859382813	12	11
43860130397	12	11
43861428911	12	11
43866219864	12	11
43866248981	12	11
43866257351	12	11
43873332758	12	11
43874670342	12	11
43901069405	12	11
43968188995	12	11
28579694788	13	12
28579703483	13	12
28579734468	13	12
28579735926	13	12
28579739757	13	12
28579741124	13	12
28579745857	13	12
28579748457	13	12
28579753720	13	12
28579786317	13	12
28579801050	13	12
28579819568	13	12
28579831498	13	12
28579855646	13	12
28579865598	13	12
28579874321	13	12
28579879386	13	12
28579881320	13	12
28579882543	13	12
28579883835	13	12
28579886185	13	12
28579889813	13	12
28579905998	13	12
28579907554	13	12
28579909907	13	12
28579910918	13	12
28579913331	13	12
28579921472	13	12
28579937389	13	12
28579939818	13	12
28579941225	13	12
28579951051	13	12
28579973252	13	12
28579982441	13	12
28579982928	13	12
28579986869	13	12
28579997283	13	12
28580023068	13	12
28580051756	13	12
28580055005	13	12
28580079531	13	12
28580096455	13	12
28580137845	13	12
28580144311	13	12
28580177242	13	12
28580177926	13	12
28580178559	13	12
28580207696	13	12
28580210129	13	12
28580238939	13	12
28580295893	13	12
28580329053	13	12
28580335597	13	12
28580430322	13	12
28580469520	13	12
28580481080	13	12
28580499582	13	12
28580534325	13	12
28580591977	13	12
28580625848	13	12
28580653305	13	12
28580721098	13	12
28580773877	13	12
28580784793	13	12
28580818851	13	12
28580938361	13	12
28580952355	13	12
28580968787	13	12
28580994043	13	12
28581037495	13	12
28581039619	13	12
28581040591	13	12
28581048496	13	12
28581049907	13	12
28581057862	13	12
28581058121	13	12
28581062846	13	12
28581069908	13	12
28581072319	13	12
28581081130	13	12
28581091547	13	12
28581118033	13	12
28581140477	13	12
28581201737	13	12
28581226425	13	12
28581227582	13	12
28581230494	13	12
28581238359	13	12
28581244244	13	12
28581244247	13	12
28581255820	13	12
28581261590	13	12
28581268280	13	12
28581284292	13	12
28581324607	13	12
28581330698	13	12
28581350706	13	12
28581370831	13	12
28581428552	13	12
28581524205	13	12
28581546598	13	12
28581665005	13	12
28581843534	13	12
28582187329	13	12
28582994929	13	12
28579813920	13	12
28579841290	13	12
28579849004	13	12
28579901299	13	12
28579922223	13	12
28580004481	13	12
28580055236	13	12
28580139068	13	12
28580310166	13	12
28580473540	13	12
28580495853	13	12
28580536479	13	12
28580580813	13	12
28580778840	13	12
28580918108	13	12
28581000035	13	12
28582870431	13	12
28581043117	13	12
28581276706	13	12
28580247773	13	12
28580532791	13	12
28580769499	13	12
28579922077	13	12
28580841664	13	12
28579924506	13	12
28580015872	13	12
28579891743	13	12
28579893373	13	12
28579926950	13	12
28581044317	13	12
28581047065	13	12
28579941598	13	12
28579920332	13	12
28579936730	13	12
28580026928	13	12
28580052921	13	12
28581227982	13	12
28579917772	13	12
28580664274	13	12
28580669746	13	12
28580780120	13	12
28579932986	13	12
28580949847	13	12
28580065120	13	12
28580442649	13	12
28581620083	13	12
28580553770	13	12
28581036408	13	12
28580387057	13	12
28581229717	13	12
28581097571	13	12
28580558460	13	12
28580608489	13	12
28580628250	13	12
28581332720	13	12
28580918086	13	12
28581398780	13	12
28581048549	13	12
28585296561	13	12
28581393760	13	12
28581226953	13	12
28581099703	13	12
28582029765	13	12
28581052428	13	12
28581099791	13	12
28581372016	13	12
28581074010	13	12
28581100222	13	12
28581169116	13	12
28581094668	13	12
28581525876	13	12
28581156640	13	12
28581235289	13	12
28581621350	13	12
28582056070	13	12
28586838011	13	12
28586598004	13	12
28581436511	13	12
28582648859	13	12
28581579800	13	12
28581903831	13	12
28582267371	13	12
28582998053	13	12
27842694537	14	13
27842698889	14	13
27842707373	14	13
27842757188	14	13
27842776769	14	13
27842793468	14	13
27842797941	14	13
27842804816	14	13
27842806279	14	13
27842811411	14	13
27842816532	14	13
27842818277	14	13
27842825167	14	13
27842826570	14	13
27842843004	14	13
27842858928	14	13
27842872164	14	13
27842884351	14	13
27842895288	14	13
27842898036	14	13
27842923729	14	13
27842975482	14	13
27842991511	14	13
27843011407	14	13
27843017758	14	13
27843030069	14	13
27843058929	14	13
27843085912	14	13
27843119888	14	13
27843123904	14	13
27843131651	14	13
27843132517	14	13
27843152324	14	13
27843162801	14	13
27843168719	14	13
27843196448	14	13
27843198323	14	13
27843221345	14	13
27843223480	14	13
27843254415	14	13
27843315363	14	13
27843332493	14	13
27843365502	14	13
27843387140	14	13
27843424230	14	13
27843446323	14	13
27843474949	14	13
27843487330	14	13
27843537922	14	13
27843545986	14	13
27843634827	14	13
27843664905	14	13
27843673664	14	13
27843758894	14	13
27843789165	14	13
27843809458	14	13
27843839874	14	13
27843856580	14	13
27843893093	14	13
27843929846	14	13
27843953427	14	13
27844060401	14	13
27844069878	14	13
27844231095	14	13
27844235468	14	13
27844244933	14	13
27844245544	14	13
27844260008	14	13
27844269355	14	13
27844269392	14	13
27844275555	14	13
27844309086	14	13
27844311184	14	13
27844335204	14	13
27844373395	14	13
27844380121	14	13
27844398049	14	13
27844422905	14	13
27844424757	14	13
27844430557	14	13
27844436779	14	13
27844444346	14	13
27844449177	14	13
27844480594	14	13
27844501115	14	13
27844665003	14	13
27844701716	14	13
27844739933	14	13
27845004610	14	13
27845110853	14	13
27845161879	14	13
27845179127	14	13
27845204751	14	13
27845214221	14	13
27845240843	14	13
27845266995	14	13
27845281950	14	13
27845325409	14	13
27845363835	14	13
27845379491	14	13
27845484130	14	13
27845495890	14	13
27845531208	14	13
27845539397	14	13
27846282717	14	13
27846618550	14	13
27846625108	14	13
27842701968	14	13
27842885242	14	13
27842902631	14	13
27843117355	14	13
27843271825	14	13
27843293391	14	13
27843295401	14	13
27843303947	14	13
27843313493	14	13
27843636889	14	13
27843706224	14	13
27843917800	14	13
27844023518	14	13
27844063645	14	13
27844091990	14	13
27844105400	14	13
27842959377	14	13
27843079894	14	13
27844254065	14	13
27843012985	14	13
27843623633	14	13
27842825009	14	13
27842862995	14	13
27843144593	14	13
27842839730	14	13
27842825716	14	13
27842867798	14	13
27842846305	14	13
27842850349	14	13
27842889137	14	13
27842973268	14	13
27843126420	14	13
27843371681	14	13
27842994453	14	13
27844167831	14	13
27843352292	14	13
27843465516	14	13
27846407158	14	13
27843539928	14	13
27843234932	14	13
27843204357	14	13
27843783886	14	13
27844001207	14	13
27843421661	14	13
27843229381	14	13
27843274256	14	13
27843360145	14	13
27844249909	14	13
27845393139	14	13
27844384147	14	13
27844633891	14	13
27844075231	14	13
27843552994	14	13
27843595896	14	13
27844247527	14	13
27844080113	14	13
27844375230	14	13
27844419009	14	13
27892736990	14	13
27844698592	14	13
27844049898	14	13
27844267718	14	13
27844273945	14	13
27844273967	14	13
27844321515	14	13
27844402809	14	13
27844473051	14	13
27844608025	14	13
27845036208	14	13
27846609305	14	13
27845544758	14	13
27846616975	14	13
27850289762	14	13
44180003622	15	14
44180219588	15	14
44180260613	15	14
44180403020	15	14
44180498698	15	14
44180545682	15	14
44180588888	15	14
44180666615	15	14
44180685941	15	14
44180742688	15	14
44180754094	15	14
44180860687	15	14
44180863300	15	14
44180870937	15	14
44180920114	15	14
44180955679	15	14
44180984056	15	14
44181057635	15	14
44181072499	15	14
44181073897	15	14
44181135820	15	14
44181142694	15	14
44181155694	15	14
44181220294	15	14
44181230199	15	14
44181241614	15	14
44181348189	15	14
44181475992	15	14
44181501340	15	14
44181585035	15	14
44181612600	15	14
44181673199	15	14
44181787463	15	14
44181807609	15	14
44181824257	15	14
44181838368	15	14
44181845671	15	14
44181850489	15	14
44181895500	15	14
44181912705	15	14
44182066978	15	14
44182076521	15	14
44182287634	15	14
44182419743	15	14
44182459277	15	14
44182487886	15	14
44182510413	15	14
44182530369	15	14
44182590535	15	14
44182716813	15	14
44182760590	15	14
44182769358	15	14
44182810029	15	14
44182869565	15	14
44182968491	15	14
44182996630	15	14
44183088233	15	14
44183103429	15	14
44183581155	15	14
44183746261	15	14
44183948527	15	14
44184438309	15	14
44184493179	15	14
44185520381	15	14
44185803576	15	14
44185906589	15	14
44186160787	15	14
44187890879	15	14
44187999587	15	14
44188102877	15	14
44189749481	15	14
44190107532	15	14
44190155852	15	14
44190184430	15	14
44190274153	15	14
44190318348	15	14
44190324484	15	14
44190331682	15	14
44190350243	15	14
44190417879	15	14
44190451486	15	14
44190494857	15	14
44190513003	15	14
44190519586	15	14
44190529948	15	14
44190597299	15	14
44190616823	15	14
44190644658	15	14
44190666226	15	14
44190685616	15	14
44190732548	15	14
44190748480	15	14
44190947450	15	14
44191026651	15	14
44191051983	15	14
44191064070	15	14
44191080827	15	14
44191111303	15	14
44191117799	15	14
44191126289	15	14
44191153106	15	14
44191166306	15	14
44191254031	15	14
44191269058	15	14
44191285380	15	14
44191317045	15	14
44191360158	15	14
44191371140	15	14
44191430090	15	14
44191462566	15	14
44191474835	15	14
44191486123	15	14
44191535827	15	14
44191547569	15	14
44191801041	15	14
44191847681	15	14
44192057521	15	14
44192163582	15	14
44192334576	15	14
44192360031	15	14
44192468847	15	14
44192520827	15	14
44192541905	15	14
44192581551	15	14
44192763712	15	14
44192883966	15	14
44193486137	15	14
44193844125	15	14
44195773703	15	14
44196119887	15	14
44196388402	15	14
44196470124	15	14
44181288602	15	14
44181342345	15	14
44181746718	15	14
44182447115	15	14
44182932229	15	14
44184056597	15	14
44223165835	15	14
44180266654	15	14
44183204274	15	14
44186990833	15	14
44182758973	15	14
44183019445	15	14
44181078927	15	14
44182091593	15	14
44181349707	15	14
44181770993	15	14
44181721802	15	14
44181390286	15	14
44190086921	15	14
44197692157	15	14
44182393828	15	14
44182040778	15	14
44182224606	15	14
44182076949	15	14
44210704653	15	14
44182187663	15	14
44183146940	15	14
44182333916	15	14
44183108356	15	14
44182736663	15	14
44182728442	15	14
44186806153	15	14
44184135761	15	14
44184093523	15	14
44187680113	15	14
44190649460	15	14
44191090233	15	14
44191498116	15	14
44191564187	15	14
44193639293	15	14
44193904756	15	14
44196478005	15	14
34767371303	16	15
34767438023	16	15
34767438602	16	15
34767443172	16	15
34767499399	16	15
34767509382	16	15
34767522114	16	15
34767527201	16	15
34767551646	16	15
34767554671	16	15
34767564364	16	15
34767570406	16	15
34767578290	16	15
34767582362	16	15
34767613016	16	15
34767617433	16	15
34767621683	16	15
34767657834	16	15
34767685704	16	15
34767686846	16	15
34767715447	16	15
34767748516	16	15
34767758884	16	15
34767773353	16	15
34767778834	16	15
34767784468	16	15
34767793033	16	15
34767794321	16	15
34767807353	16	15
34767811422	16	15
34767823784	16	15
34767825528	16	15
34767828256	16	15
34767836568	16	15
34767838422	16	15
34767841703	16	15
34767844069	16	15
34767860920	16	15
34767871431	16	15
34767883693	16	15
34767895668	16	15
34767906581	16	15
34767912278	16	15
34767917431	16	15
34767923773	16	15
34767932645	16	15
34767979404	16	15
34768015160	16	15
34768038306	16	15
34768065469	16	15
34768071196	16	15
34768083884	16	15
34768091010	16	15
34768103005	16	15
34768106673	16	15
34768115790	16	15
34768127534	16	15
34768129292	16	15
34768157370	16	15
34768171438	16	15
34768202880	16	15
34768323199	16	15
34768335339	16	15
34768393481	16	15
34768452451	16	15
34768461396	16	15
34768463726	16	15
34768477926	16	15
34768483977	16	15
34768489276	16	15
34768492051	16	15
34768503339	16	15
34768509769	16	15
34768512344	16	15
34768514987	16	15
34768523972	16	15
34768542271	16	15
34768634655	16	15
34768636683	16	15
34768675988	16	15
34768715004	16	15
34768785941	16	15
34769036098	16	15
34769909483	16	15
34769916687	16	15
34769917641	16	15
34770051964	16	15
34770094703	16	15
34770109893	16	15
34770129779	16	15
34770631469	16	15
34770659809	16	15
34771310409	16	15
34771335574	16	15
34771503868	16	15
34771664952	16	15
34771706229	16	15
34771713384	16	15
34771768157	16	15
34771820446	16	15
34772647862	16	15
34773627357	16	15
34776434074	16	15
34776448118	16	15
34776487916	16	15
34776492681	16	15
34776503277	16	15
34776564022	16	15
34776664295	16	15
34776692555	16	15
34776701275	16	15
34777021583	16	15
34768419638	16	15
34776429207	16	15
34767541469	16	15
34767914667	16	15
34767670920	16	15
34771330118	16	15
34773667815	16	15
34767656919	16	15
34768019447	16	15
34768838233	16	15
34767806520	16	15
34768654496	16	15
34776458813	16	15
34767857472	16	15
34768280795	16	15
34768463589	16	15
34768067338	16	15
34768091275	16	15
34767962189	16	15
34785346196	16	15
34768013368	16	15
34768479474	16	15
34769933763	16	15
34770484335	16	15
34776468369	16	15
34768097816	16	15
34768360366	16	15
34769931856	16	15
34768148838	16	15
34776478106	16	15
34770143200	16	15
34768821164	16	15
34768444515	16	15
34768457337	16	15
34768482103	16	15
34768778579	16	15
34768775705	16	15
34768528887	16	15
34768566567	16	15
34771163118	16	15
34769946147	16	15
34768651800	16	15
34771646286	16	15
34768945348	16	15
34769043480	16	15
34770134707	16	15
34769927284	16	15
34770653919	16	15
34772439291	16	15
34772417882	16	15
34772416144	16	15
34773629199	16	15
34773633467	16	15
34772417306	16	15
34773627382	16	15
34800815712	16	15
34778568408	16	15
34800832799	16	15
34778540019	16	15
34777043154	16	15
37036913830	17	16
37037384945	17	16
37037400536	17	16
37037457499	17	16
37037501311	17	16
37037506017	17	16
37037506966	17	16
37037523576	17	16
37037531360	17	16
37037536997	17	16
37037564031	17	16
37037629080	17	16
37037633574	17	16
37037659627	17	16
37037707044	17	16
37037741201	17	16
37037743747	17	16
37037748784	17	16
37037750166	17	16
37037788613	17	16
37037791391	17	16
37037802531	17	16
37037842001	17	16
37037862897	17	16
37037866283	17	16
37037891279	17	16
37037896178	17	16
37037896433	17	16
37037907927	17	16
37037912243	17	16
37037927506	17	16
37037981737	17	16
37037985803	17	16
37038006525	17	16
37038024282	17	16
37038028276	17	16
37038038263	17	16
37038048254	17	16
37038082959	17	16
37038132741	17	16
37038478464	17	16
37038601627	17	16
37038604773	17	16
37038642771	17	16
37038649296	17	16
37038695956	17	16
37038703958	17	16
37038723872	17	16
37038845394	17	16
37038945623	17	16
37038950297	17	16
37038951898	17	16
37038964373	17	16
37039031408	17	16
37039080824	17	16
37039084760	17	16
37039085415	17	16
37039142240	17	16
37039155123	17	16
37039173632	17	16
37039192776	17	16
37039235207	17	16
37039241375	17	16
37039287774	17	16
37039417693	17	16
37039425939	17	16
37039453284	17	16
37039694149	17	16
37039772214	17	16
37039842899	17	16
37040525316	17	16
37040619846	17	16
37040911051	17	16
37041203423	17	16
37042153802	17	16
37042176610	17	16
37044015370	17	16
37044114785	17	16
37045921037	17	16
37046135783	17	16
37046879549	17	16
37048390923	17	16
37062091159	17	16
37066909488	17	16
37037637340	17	16
37037731216	17	16
37037768993	17	16
37037815595	17	16
37038328224	17	16
37038456767	17	16
37041597572	17	16
37042498432	17	16
37037963190	17	16
37038044289	17	16
37038367515	17	16
37038555753	17	16
37038821363	17	16
37039035729	17	16
37039076773	17	16
37039084408	17	16
37039231168	17	16
37042612315	17	16
37039154189	17	16
37039178861	17	16
37039308003	17	16
37039365214	17	16
37044008353	17	16
37037528037	17	16
37038479494	17	16
37039187752	17	16
37039373422	17	16
37055437019	17	16
37038959744	17	16
37039021415	17	16
37040898746	17	16
37038162334	17	16
37039108916	17	16
37038340711	17	16
37038467986	17	16
37038085473	17	16
37038646795	17	16
37037774326	17	16
37038628006	17	16
37038635946	17	16
37038956945	17	16
37039166531	17	16
37039348288	17	16
37038958630	17	16
37040923699	17	16
37042101030	17	16
37037874091	17	16
37037916283	17	16
37037995641	17	16
37039441947	17	16
37038067783	17	16
37062092647	17	16
37038319019	17	16
37038064035	17	16
37038697082	17	16
37039175206	17	16
37039433826	17	16
37038968262	17	16
37039227620	17	16
37041208769	17	16
37039350484	17	16
37039921084	17	16
37047174953	17	16
37047414652	17	16
37047936514	17	16
37046432768	17	16
37039082321	17	16
37039241534	17	16
37039445747	17	16
37041720328	17	16
37039240633	17	16
37039243752	17	16
37041070254	17	16
37039625360	17	16
37040435985	17	16
37040465671	17	16
37050293398	17	16
37043215900	17	16
37041683967	17	16
37042154900	17	16
37042180318	17	16
37042209323	17	16
37044197488	17	16
37048886143	17	16
37047291912	17	16
37053230776	17	16
37063299618	17	16
37068259217	17	16
43236569845	18	17
43236573725	18	17
43236670323	18	17
43236684997	18	17
43236965415	18	17
43237019222	18	17
43237106926	18	17
43237128894	18	17
43237160146	18	17
43237180344	18	17
43237239837	18	17
43237264586	18	17
43237322373	18	17
43237333255	18	17
43237338778	18	17
43237352799	18	17
43237361728	18	17
43237384590	18	17
43237416896	18	17
43237417527	18	17
43237425361	18	17
43237426614	18	17
43237466532	18	17
43237468458	18	17
43237505917	18	17
43237525720	18	17
43237526326	18	17
43237558832	18	17
43237562589	18	17
43237573527	18	17
43237595505	18	17
43237643381	18	17
43237694185	18	17
43237700357	18	17
43237708959	18	17
43237724428	18	17
43237743657	18	17
43237758158	18	17
43237770167	18	17
43237917393	18	17
43237921566	18	17
43237929277	18	17
43237933574	18	17
43237962593	18	17
43238023948	18	17
43238143327	18	17
43238283617	18	17
43238314059	18	17
43238326073	18	17
43238376033	18	17
43238419830	18	17
43238449013	18	17
43238523394	18	17
43238531055	18	17
43238638457	18	17
43238888654	18	17
43238899187	18	17
43238992537	18	17
43239006406	18	17
43239015493	18	17
43239146953	18	17
43239197338	18	17
43239349979	18	17
43239350432	18	17
43239365464	18	17
43239389755	18	17
43239401398	18	17
43239475530	18	17
43239555947	18	17
43239577945	18	17
43239673179	18	17
43239681840	18	17
43239827666	18	17
43240071246	18	17
43240214743	18	17
43240401296	18	17
43240517551	18	17
43240567983	18	17
43240747100	18	17
43240765027	18	17
43240855021	18	17
43240883644	18	17
43241260529	18	17
43241684103	18	17
43241983229	18	17
43242089499	18	17
43242432585	18	17
43242716352	18	17
43243167080	18	17
43243352212	18	17
43243661222	18	17
43249860495	18	17
43250248673	18	17
43250261258	18	17
43250863534	18	17
43251384802	18	17
43251639973	18	17
43258171826	18	17
43261297228	18	17
43262381273	18	17
43263242507	18	17
43266638473	18	17
43267374299	18	17
43267917099	18	17
43268625809	18	17
43269295230	18	17
43270114256	18	17
43270939451	18	17
43270953607	18	17
43271968131	18	17
43276408805	18	17
43276461354	18	17
43237415676	18	17
43238586790	18	17
43241301078	18	17
43241544807	18	17
43241980655	18	17
43243585986	18	17
43236630731	18	17
43236631276	18	17
43237139858	18	17
43237247538	18	17
43241111909	18	17
43237384801	18	17
43237613131	18	17
43237735352	18	17
43237830568	18	17
43237557892	18	17
43237700419	18	17
43238580772	18	17
43243550818	18	17
43239492875	18	17
43238307681	18	17
43238316205	18	17
43239494043	18	17
43237868950	18	17
43241663040	18	17
43238972716	18	17
43237991008	18	17
43238471613	18	17
43238408365	18	17
43238981025	18	17
43244002891	18	17
43240866949	18	17
43244042335	18	17
43243258445	18	17
43239495462	18	17
43239643867	18	17
43239836681	18	17
43249871221	18	17
43241118916	18	17
43243885219	18	17
43239482507	18	17
43239490961	18	17
43239489866	18	17
43242938311	18	17
43239612251	18	17
43242939347	18	17
43241069319	18	17
43242861671	18	17
43243231312	18	17
43245678960	18	17
43245310472	18	17
43255748789	18	17
43243482945	18	17
43252797676	18	17
43252646327	18	17
43276441045	18	17
43276540533	18	17
30483297601	1	18
30483379188	1	18
30483458187	1	18
30483536881	1	18
30483557908	1	18
30483634824	1	18
30483644917	1	18
30483669809	1	18
30483682577	1	18
30483682737	1	18
30483692180	1	18
30483692464	1	18
30483693822	1	18
30483696256	1	18
30483724316	1	18
30483738516	1	18
30483741384	1	18
30483743171	1	18
30483749592	1	18
30483753693	1	18
30483761992	1	18
30483763137	1	18
30483778602	1	18
30483783905	1	18
30483789827	1	18
30483879048	1	18
30483942953	1	18
30483953527	1	18
30483966520	1	18
30483988215	1	18
30483990042	1	18
30483991504	1	18
30484092406	1	18
30484308281	1	18
30484344222	1	18
30484356000	1	18
30484380877	1	18
30484385161	1	18
30484394590	1	18
30484398546	1	18
30484398965	1	18
30484408347	1	18
30484444564	1	18
30484491274	1	18
30484521175	1	18
30484549710	1	18
30484554901	1	18
30484569517	1	18
30484589438	1	18
30484627100	1	18
30484671136	1	18
30484789567	1	18
30484794216	1	18
30484833695	1	18
30484874381	1	18
30484883977	1	18
30484888235	1	18
30484912560	1	18
30484954302	1	18
30484974912	1	18
30485013606	1	18
30485018021	1	18
30485041934	1	18
30485053799	1	18
30485084908	1	18
30485088511	1	18
30485096983	1	18
30485102263	1	18
30485253321	1	18
30485259553	1	18
30485325190	1	18
30485333221	1	18
30485381269	1	18
30485392575	1	18
30485431535	1	18
30485434317	1	18
30485446873	1	18
30485475371	1	18
30485494740	1	18
30485529257	1	18
30485540630	1	18
30485546874	1	18
30485690803	1	18
30485767690	1	18
30485908429	1	18
30485962748	1	18
30485971365	1	18
30486055257	1	18
30486856608	1	18
30486866738	1	18
30487181534	1	18
30487196715	1	18
30487263654	1	18
30487268985	1	18
30487271841	1	18
30487993792	1	18
30488280036	1	18
30488284380	1	18
30488287791	1	18
30488294755	1	18
30492482235	1	18
30495298482	1	18
30579834389	1	18
30484316248	1	18
30484587378	1	18
30488303150	1	18
30485391910	1	18
30484367397	1	18
30484486875	1	18
30484512542	1	18
30484250977	1	18
30484493978	1	18
30484630173	1	18
30484718023	1	18
30484540811	1	18
30484152754	1	18
30484501766	1	18
30483772801	1	18
30483997944	1	18
30484380125	1	18
30484701956	1	18
30486340887	1	18
30484667183	1	18
30484772495	1	18
30485634279	1	18
30484559241	1	18
30484426673	1	18
30485487881	1	18
30484624496	1	18
30484658268	1	18
30484671869	1	18
30484970276	1	18
30485494847	1	18
30485676497	1	18
30486815044	1	18
30485584670	1	18
30485099894	1	18
30485110351	1	18
30492287089	1	18
30485747394	1	18
30485545245	1	18
30485434366	1	18
30485534491	1	18
30485681087	1	18
30485701580	1	18
30485578916	1	18
30485658125	1	18
30485725919	1	18
30486066472	1	18
30486963752	1	18
30488108267	1	18
30487947428	1	18
30487441033	1	18
30487489528	1	18
30487454950	1	18
30487467329	1	18
30487452525	1	18
30488311865	1	18
30493318014	1	18
30495319379	1	18
30579855912	1	18
27678435169	19	19
27678499267	19	19
27678503698	19	19
27678566664	19	19
27678582423	19	19
27678583785	19	19
27678591621	19	19
27678600888	19	19
27678601979	19	19
27678605557	19	19
27678611106	19	19
27678627274	19	19
27678633670	19	19
27678664332	19	19
27678666656	19	19
27678672881	19	19
27678674021	19	19
27678679429	19	19
27678690997	19	19
27678710813	19	19
27678743443	19	19
27678751678	19	19
27678752888	19	19
27678753514	19	19
27678758586	19	19
27678781797	19	19
27678798696	19	19
27678804673	19	19
27678804739	19	19
27678817236	19	19
27678820699	19	19
27678832635	19	19
27678833600	19	19
27678837161	19	19
27678872793	19	19
27678886454	19	19
27678892849	19	19
27678898558	19	19
27678899059	19	19
27678901269	19	19
27678906536	19	19
27678907512	19	19
27678908254	19	19
27678930747	19	19
27678942817	19	19
27678945536	19	19
27678962573	19	19
27678988032	19	19
27678992776	19	19
27679008903	19	19
27679029743	19	19
27679060619	19	19
27679082585	19	19
27679135293	19	19
27679178940	19	19
27679213399	19	19
27679222238	19	19
27679287803	19	19
27679314446	19	19
27679441374	19	19
27679453691	19	19
27679467737	19	19
27679475863	19	19
27679516297	19	19
27679543790	19	19
27679570315	19	19
27679739386	19	19
27679746677	19	19
27679771659	19	19
27679780304	19	19
27679881479	19	19
27679897531	19	19
27679933162	19	19
27679995868	19	19
27680007920	19	19
27680651568	19	19
27682547938	19	19
27687537715	19	19
27688918263	19	19
27700107172	19	19
27859008345	19	19
27859015045	19	19
27859027725	19	19
27859038394	19	19
27678635323	19	19
27678710961	19	19
27678851189	19	19
27678863572	19	19
27678937480	19	19
27678969169	19	19
27679026633	19	19
27679172550	19	19
27679390422	19	19
27679985600	19	19
27680038629	19	19
27680038661	19	19
27678865619	19	19
27679022249	19	19
27679092744	19	19
27679332054	19	19
27679958529	19	19
27678609423	19	19
27678660522	19	19
27678797912	19	19
27678799037	19	19
27678903273	19	19
27679697008	19	19
27678596322	19	19
27678868670	19	19
27679326248	19	19
27679179203	19	19
27679990224	19	19
27678667105	19	19
27678670144	19	19
27678783434	19	19
27680330051	19	19
27678666888	19	19
27678785949	19	19
27678832756	19	19
27679447407	19	19
27678858522	19	19
27678783905	19	19
27678785457	19	19
27679646835	19	19
27864168449	19	19
27678917565	19	19
27678860200	19	19
27678918416	19	19
27679444555	19	19
27678978893	19	19
27678912399	19	19
27679675956	19	19
27678935952	19	19
27679919025	19	19
27679299438	19	19
27679125400	19	19
27679508847	19	19
27679199177	19	19
27679378920	19	19
27679388207	19	19
27679387853	19	19
27679416419	19	19
27679533455	19	19
27679597899	19	19
27679586873	19	19
27679924016	19	19
27679938469	19	19
27864185984	19	19
27680316775	19	19
27680851770	19	19
27680003996	19	19
27792805315	19	19
27680013667	19	19
27680655017	19	19
27859013388	19	19
27859061016	19	19
27859086985	19	19
27859448549	19	19
27859039670	19	19
27859432029	19	19
43742861216	20	20
43742923083	20	20
43742937943	20	20
43742983349	20	20
43743019002	20	20
43743066100	20	20
43743191419	20	20
43743224468	20	20
43743237836	20	20
43743251600	20	20
43743270809	20	20
43743304751	20	20
43743413289	20	20
43743470524	20	20
43743476514	20	20
43743481087	20	20
43743483462	20	20
43743489902	20	20
43743505721	20	20
43743575619	20	20
43743576396	20	20
43743590783	20	20
43743592037	20	20
43743620183	20	20
43743727277	20	20
43743835319	20	20
43743862961	20	20
43743876696	20	20
43743953520	20	20
43743968969	20	20
43743981199	20	20
43743981976	20	20
43744004178	20	20
43744015930	20	20
43744021884	20	20
43744030534	20	20
43744045540	20	20
43744143850	20	20
43744196833	20	20
43744222354	20	20
43744230455	20	20
43744318755	20	20
43744345901	20	20
43744359177	20	20
43744375488	20	20
43744388874	20	20
43744400383	20	20
43744425673	20	20
43744438351	20	20
43744446726	20	20
43744475486	20	20
43744490277	20	20
43744528110	20	20
43744551511	20	20
43744554879	20	20
43744577392	20	20
43744631045	20	20
43744659816	20	20
43744679277	20	20
43744685647	20	20
43744700322	20	20
43744704517	20	20
43744736129	20	20
43744741838	20	20
43744750942	20	20
43744751012	20	20
43744774474	20	20
43744822601	20	20
43744876678	20	20
43745002800	20	20
43745008818	20	20
43745028457	20	20
43745076883	20	20
43745108320	20	20
43745242070	20	20
43745259245	20	20
43745300080	20	20
43745350078	20	20
43745364771	20	20
43745392558	20	20
43745443661	20	20
43745468129	20	20
43745577443	20	20
43745610988	20	20
43745689964	20	20
43745715572	20	20
43745790451	20	20
43745820021	20	20
43745832992	20	20
43745880250	20	20
43745896593	20	20
43745994492	20	20
43746099319	20	20
43746196200	20	20
43746397684	20	20
43746476030	20	20
43746732399	20	20
43746768553	20	20
43746829839	20	20
43746930491	20	20
43746955701	20	20
43747106150	20	20
43747411105	20	20
43747417804	20	20
43749493436	20	20
43750761782	20	20
43751160689	20	20
43751234905	20	20
43751247115	20	20
43759779176	20	20
43759805599	20	20
43760026128	20	20
43760104878	20	20
43760177446	20	20
43760212385	20	20
43760231719	20	20
43760306721	20	20
43760337407	20	20
43760368519	20	20
43743938829	20	20
43744186981	20	20
43744313797	20	20
43757217090	20	20
43744365390	20	20
43743371647	20	20
43744690406	20	20
43743604367	20	20
43744334995	20	20
43744425856	20	20
43760638758	20	20
43747688611	20	20
43743443029	20	20
43743834246	20	20
43743506531	20	20
43746153018	20	20
43743882322	20	20
43744333768	20	20
43744206941	20	20
43744725646	20	20
43744945803	20	20
43744461231	20	20
43744767652	20	20
43744421877	20	20
43746258471	20	20
43747658224	20	20
43744416377	20	20
43744518218	20	20
43746347140	20	20
43744734329	20	20
43744737564	20	20
43744760840	20	20
43745122871	20	20
43745815465	20	20
43747132392	20	20
43747504922	20	20
43753010620	20	20
43751279668	20	20
43776521004	20	20
43760442559	20	20
43760550572	20	20
